logFC	AveExpr	t	P.Value	adj.P.Val	B
FOXN2	1.44816049177009	10.8845525549854	12.4492833803112	2.31654205488902e-24	2.4214814099755e-20	44.6193550443411
CAPZA2	1.43506448956694	11.9212405217518	11.9443330108465	4.61763479112348e-23	2.41340682358069e-19	41.7080546581356
ZNF106	1.46189291009133	10.5035971161058	11.8515568604065	8.00607516982024e-23	2.7895834583377e-19	41.1724503161923
PTGDR	-1.37939824658858	6.40831376606204	-11.5550199233413	4.65050106248141e-22	1.21529219015295e-18	39.4597605386239
RAB8B	1.13972700405669	11.2959267143358	10.7057470784703	7.13558673382927e-20	1.24313813547862e-16	34.5574597035056
GMFB	1.25336896070394	9.81387154405109	10.6332502555352	1.09543029230009e-19	1.63579040648755e-16	34.1398462506202
KCNJ2	1.56914779758898	10.6476220585985	10.1804189706899	1.58317615206398e-18	1.65489403175247e-15	31.5373940095673
FEM1C	1.54514263099685	9.93357570754745	9.97310205775276	5.35228723718553e-18	5.08613259002731e-15	30.3504123066659
PID1	-1.61956176383386	6.4735243900073	-9.88683456269026	8.87581685412298e-18	7.73157613134562e-15	29.8575191914597
P2RY10	-1.63860536692677	6.54126450383577	-9.86323809904702	1.01916117635378e-17	8.19483982802006e-15	29.722813796275
POMP	1.17073352409527	11.3157962760365	9.75146656391606	1.96020771542292e-17	1.36600341662105e-14	29.0854452379479
MPP1	1.38791672113543	11.1035117176715	9.70718428509791	2.53918301092017e-17	1.65888000082178e-14	28.8332639735144
FAM160B1	1.34221114495197	10.4974878188321	9.62662338845751	4.06384152335237e-17	2.35996308020013e-14	28.3749959479787
DCP2	1.1696028658748	11.0765710096131	9.61538040754209	4.3392697404908e-17	2.3872835051237e-14	28.3110950765295
TLR5	2.19780675401654	10.9422642850584	9.51098197038047	7.97221278962102e-17	4.16667701449543e-14	27.7183984126101
ZMPSTE24	1.01004887015906	10.5408701116569	9.49776069778409	8.60982677017675e-17	4.28564377279322e-14	27.6434258637805
PPIA	-1.24164323572756	6.06746372259124	-9.46347666803428	1.05099928421254e-16	4.99367978085167e-14	27.4491099664592
ID3	-1.70693665300393	6.16268550677372	-9.45082396794928	1.13122809161673e-16	5.14118575724767e-14	27.3774317865408
EPHX2	-1.26376207986693	6.42968742372263	-9.3163451089108	2.46930990778215e-16	9.92757556386418e-14	26.6168159494637
WDR26	1.4593668315	9.51821881661314	9.12675838145634	7.3922377857834e-16	2.58537097634041e-13	25.5485335784161
YTHDF3	1.19552126602441	8.74214449873723	9.12356390014738	7.52975994057278e-16	2.58537097634041e-13	25.5305762158673
RAP2C	1.09938981070157	9.5453145979635	9.12042612320516	7.66732041199203e-16	2.58537097634041e-13	25.5129390430692
YWHAH	1.09795122535433	12.506584260146	9.02189805253402	1.35272966491136e-15	4.28487369312681e-13	24.9598576184492
LY96	1.74713985282677	12.6427242294161	8.887642822376	2.9251606698318e-15	8.49352902270883e-13	24.2086181524802
FCRL6	-1.00244898347716	6.0912156929708	-8.8752366265267	3.14078201688861e-15	8.87313362771259e-13	24.1393432830326
RAB31	1.03312158486614	12.9675042462044	8.84674147316409	3.69778496391935e-15	1.00844829867065e-12	23.9803252333651
KIF1B	1.58708598186063	10.175070605854	8.84371164437893	3.7625068064819e-15	1.00844829867065e-12	23.9634250948608
TXK	-1.71007770356142	6.51992776037956	-8.78807742444491	5.17284848144055e-15	1.25748337619763e-12	23.6533761388838
TRAF5	-1.30398758333228	6.25165834469343	-8.78195601712727	5.35707560843187e-15	1.27267071215769e-12	23.6192936918422
SH2D1B	-1.3560610848748	6.64878968036496	-8.71051890645298	8.05531185735239e-15	1.87115944099788e-12	23.2220305062986
MRPS21	-1.12601065598031	8.71856262135037	-8.69567429259218	8.76690906571336e-15	1.94513202623435e-12	23.1395920516722
TRBC2	-1.32479898131928	6.85534317540146	-8.69240159892565	8.93201351375191e-15	1.94513202623435e-12	23.1214226846439
UBE2J1	1.28908896970236	10.6527105037226	8.63434150005083	1.2432605086452e-14	2.59916041937366e-12	22.799405846467
PABPC3	-1.01668913762598	7.27789492083212	-8.58913839713941	1.60763925980603e-14	3.2950300358338e-12	22.5491260342978
ADM	1.43096911062204	12.8869659135766	8.53598491830403	2.17388645095816e-14	4.20808056886402e-12	22.2553184596879
RPS6	-1.16170554784252	12.5886470355474	-8.52629412060267	2.29669974668057e-14	4.36498226400945e-12	22.201810487705
FCRL3	-1.20342300736089	6.46599193323358	-8.50351679362051	2.61319332262113e-14	4.79222978971206e-12	22.0761165469549
RPL23	-1.36274049851968	11.6458418568613	-8.49831592923561	2.69133401344407e-14	4.85043352457428e-12	22.0474303725094
PAFAH2	-1.03592842729133	7.11222950237956	-8.45542352757304	3.43092954527633e-14	5.87926336668417e-12	21.8110536836053
TRMT10C	-1.10431746158661	6.66082961689781	-8.44152740965187	3.71141580992657e-14	6.25732733244556e-12	21.7345516313947
RPS29P9	-1.25221598133701	6.88048249743796	-8.37889673562812	5.28625695833519e-14	8.6339443727309e-12	21.3902364692914
RRAGD	1.198808506137	10.7383946284161	8.37209264958528	5.49307269600095e-14	8.69986195322696e-12	21.3528790015868
PYHIN1	-1.65971673865407	7.28833336341363	-8.30406306211899	8.05807273233518e-14	1.1698754759875e-11	20.9798973157359
ZNF91	-1.46773805856929	8.40368746918978	-8.27025300504928	9.74500831628413e-14	1.39540509493312e-11	20.7948937542224
JAK2	1.34721410083464	8.61264817315329	8.25594052911812	1.05607803581149e-13	1.47189116111167e-11	20.7166522004888
GOLGA8CP	-1.0859126733252	6.56843171035766	-8.22031510473574	1.28978607262721e-13	1.71882180669092e-11	20.5220936590641
NACAP1	-1.51095285273622	7.79556562916058	-8.21904246429777	1.29902346435074e-13	1.71882180669092e-11	20.5151486327031
DNAJC30	-1.09113838739764	6.33888574786861	-8.17890762072636	1.62659817258814e-13	2.12535383725798e-11	20.2963099098951
DRAM1	1.44795956336142	8.97663429058394	8.1241625982967	2.20925807822603e-13	2.78233430020442e-11	19.9983915538692
PABPC1	-1.26860799591338	11.1993747788759	-8.0965523149125	2.57748518484404e-13	3.13016845202596e-11	19.8483982118939
PLCH2	-1.08828713495433	6.47547508679562	-8.07227876997017	2.95115948178509e-13	3.50550796171586e-11	19.7166777133748
GPAT3	1.55990477842913	10.7260314692701	8.05954668143016	3.16817705104393e-13	3.67966163495135e-11	19.6476420546994
INTS6	1.06849003478741	9.79157031244526	7.97365508157167	5.10825493993252e-13	5.80397705294724e-11	19.1829289187892
SPON2	-1.23482741675039	5.22567589223358	-7.95688019731559	5.60663407838e-13	6.21570463343693e-11	19.0923768083409
PDZD4	-1.00521700574095	6.24251126162774	-7.95085281301391	5.79724734066765e-13	6.21570463343693e-11	19.0598573403218
MYBPC3	1.5338255247378	8.97877657513869	7.9499171305141	5.82740891683554e-13	6.21570463343693e-11	19.0548098642432
FLOT1	1.51177553456063	11.0813470537956	7.92959160581644	6.52241520626896e-13	6.75037684664648e-11	18.9452184119946
ALPL	1.81204614923621	13.7332784779562	7.92564610475611	6.66656398923307e-13	6.83192091955424e-11	18.9239568347862
RPL15P3	-1.10857465538976	11.7967560616679	-7.8792434199846	8.61849766195348e-13	8.57991962479997e-11	18.6741926093676
HK3	1.83761039361497	11.5541540847956	7.87402094048885	8.87093639717034e-13	8.74791492071902e-11	18.6461162674353
PJA1	-1.0138800536937	5.88896142494161	-7.84458857986907	1.04369672873284e-12	1.010163139393e-10	18.4880156486374
PTEN	1.00651555586771	11.7169887900182	7.83820079342707	1.0811488168003e-12	1.03681179651501e-10	18.4537318142024
RPL4P5	-1.34843116211023	10.7608151901606	-7.83552996833085	1.09720043787002e-12	1.04263965245957e-10	18.4394003518185
KLHL3	-1.47570370388346	6.00480962954015	-7.81926760214585	1.20016529233906e-12	1.12011855364466e-10	18.3521772033893
RPL7A	-1.1390773318189	11.1954381949708	-7.81147617682529	1.25283670648311e-12	1.15892938874937e-10	18.3104120925932
PCNX1	1.27437551592756	11.2463192288759	7.79774794748714	1.35127849406286e-12	1.23902755249465e-10	18.2368616588898
NELL2	-1.50394032611811	7.5737092090219	-7.75025407537317	1.75481683986864e-12	1.58130176096094e-10	17.9827883283363
CPD	1.28630371033779	10.5290955248613	7.738914038793	1.86763279641821e-12	1.66857825820167e-10	17.9222116436403
IRAK3	2.04605395462442	10.6906454357372	7.70293054210418	2.27540706545146e-12	1.92556655469339e-10	17.7302207385173
UPP1	1.02745891812481	8.80178121025182	7.7022250150176	2.28422704278179e-12	1.92556655469339e-10	17.7264598547996
PDGFRB	-1.22111675574252	5.50866987506569	-7.69164497860812	2.4206281860628e-12	2.00816082769162e-10	17.6700780187583
RSBN1	1.12779108210079	9.49826938975912	7.66805317722122	2.75453778830456e-12	2.26717980323996e-10	17.5444647889662
CD40LG	-1.31442176717244	6.17873022721168	-7.65647872924133	2.93466614457385e-12	2.37798955110314e-10	17.4828927853076
CTSA	1.20029806078819	10.2514543043504	7.64582507142994	3.11075900935358e-12	2.50128953267485e-10	17.426251531243
PRKCQ-AS1	-1.09236976450552	7.16638422590146	-7.63779539539793	3.25036420695136e-12	2.59359214162309e-10	17.3835815874261
SORBS3	-1.08577328610394	5.7976251300292	-7.61764387182897	3.62866166789961e-12	2.83062689660855e-10	17.2765742903603
TBC1D31	-1.1053101527874	6.85883996740876	-7.6099153806608	3.78504920671739e-12	2.90919995278065e-10	17.2355648830953
RPL37P6	-1.02935315860551	7.34996500814599	-7.57998606681527	4.45625649704594e-12	3.35116900457707e-10	17.0769096564811
PGAP3	-1.02700715954252	7.12010474440146	-7.57369893462277	4.61158272710629e-12	3.44320530331729e-10	17.0436135864295
GZMM	-1.24646721689449	7.18436731143796	-7.57128160567123	4.67272112289367e-12	3.45145893984453e-10	17.0308146071842
TSEN54	-1.10182311928189	6.09227168432117	-7.5706559765584	4.68867472934012e-12	3.45145893984453e-10	17.0275023713822
ANXA3	2.22696182319685	11.0726535072993	7.54390326568616	5.42379353308113e-12	3.96467928680399e-10	16.8859707835724
ARL4C	-1.38499869025354	6.26864750825547	-7.53687376803746	5.63519659033622e-12	4.062393790261e-10	16.8488160046664
FAM230C	-1.00382224239213	8.60235807253285	-7.51695175675942	6.27969584845793e-12	4.43524734486018e-10	16.7435941325743
C16orf72	1.17671139555197	10.4241576905109	7.49034064645933	7.25576615593382e-12	5.02281613430306e-10	16.603221139763
PAN3	1.0660539211441	10.1485030974161	7.47512469571452	7.87990222408307e-12	5.38356980054512e-10	16.5230498211494
TRMT11	-1.23312950042677	6.31622918875912	-7.47244351784441	7.99526266127261e-12	5.42691432456381e-10	16.5089299720568
RPL23AP97	-1.22965534211024	11.4499512992774	-7.44929751729176	9.06326827387527e-12	6.07297072223194e-10	16.387124242031
HIST2H2AC	1.46840595462834	11.3216675368321	7.4311949290002	9.99598071912924e-12	6.57157147528667e-10	16.291969584681
EEF1A1P27	-1.53365813747244	11.8380364429781	-7.39939542861634	1.18700729447789e-11	7.56572393242524e-10	16.1250543574085
DYSF	1.64230677821733	12.2853582942482	7.37961260094006	1.32073447864717e-11	8.31664909957762e-10	16.0213675195953
IL2RB	-2.10058621367244	8.48438342637956	-7.25475126959925	2.58384045271047e-11	1.51735304787542e-09	15.3697005120784
GIMAP7	-1.57023900774842	8.87128198286861	-7.23050589677553	2.94185078025709e-11	1.68039159595778e-09	15.2437245438491
HLA-DQA1	-2.44650873715354	8.38348256843066	-7.22145331340729	3.08774817628735e-11	1.75414302645281e-09	15.1967362704086
RPL13P12	-1.16617598732441	6.91338533111679	-7.21232336185592	3.24213862784629e-11	1.83189595010147e-09	15.1493728771567
FCER1A	-3.29029849911024	8.00483334354744	-7.19666745617387	3.52485400517143e-11	1.95985632532218e-09	15.0682169307235
UCKL1	-1.01528738688347	8.36407710910219	-7.19052363992769	3.64234377158084e-11	2.01446663726638e-09	15.0363905688123
IL18RAP	1.98760390147245	12.6010284237226	7.18874011064899	3.67717024520478e-11	2.02302424069082e-09	15.0271537587469
PGD	1.45158982902363	12.3915915590511	7.18118153645913	3.82845633108503e-11	2.08443798052156e-09	14.9880196636534
SLC38A2	1.1726352578189	10.4754940653796	7.18117050112048	3.82868164412264e-11	2.08443798052156e-09	14.9879625422896
RPL13A	-1.18847784147244	11.5020395189343	-7.16718436571931	4.12504323546392e-11	2.19995290511757e-09	14.9155988763662
DCTD	-1.12948426148267	7.01975985859489	-7.16175586666842	4.24608597072103e-11	2.24163316423974e-09	14.887529144583
ABCA1	2.10741935186221	10.6422686812993	7.15753279899829	4.34267347349115e-11	2.28110380997e-09	14.8656990946452
HLA-DPA1	-2.38130888959054	10.1617639205328	-7.15162359478746	4.48148202473532e-11	2.34224658022791e-09	14.8351627508575
ATP8B4	1.80646118776535	9.70399512930657	7.1486999956446	4.55177126804949e-11	2.36714751566773e-09	14.8200590009203
ADGRG1	-2.460050512337	8.29113016839051	-7.11373533104238	5.4817599095801e-11	2.79516274804101e-09	14.6396433942528
CTSO	-1.30295168583307	6.8878632770365	-7.09431814909876	6.07692951820615e-11	3.02486401208614e-09	14.5396259855446
PDZD8	1.03445400467717	8.28566452909489	7.08462918530112	6.39736722478612e-11	3.16927391472461e-09	14.4897652004575
GYG1	2.1154402397693	12.2654339293358	7.08291886720335	6.45564102200083e-11	3.18305733976296e-09	14.4809669080022
RNASE2	1.79737660324725	11.8706329495474	7.07526168175527	6.72303490009533e-11	3.27292448270475e-09	14.4415884555726
DACH1	1.7916576063748	8.35136057610219	7.07158240832534	6.85538268656859e-11	3.31756088993988e-09	14.4226741024795
FAM102A	-1.24559397802204	6.05783599484672	-7.05922033490246	7.31920509657584e-11	3.5256981969819e-09	14.3591565735717
SLC9A1	1.04388766605669	9.98019855345255	7.05001317857543	7.68468166502602e-11	3.68476960754665e-09	14.3118826827261
CARD11	-1.07674862248031	7.72090213648175	-7.01484898463936	9.2541574290445e-11	4.2992758935912e-09	14.1315968589748
PADI4	1.24640462131497	12.7634070908029	7.0081247695303	9.58849654256975e-11	4.43489178581777e-09	14.097169873463
HLA-DOA	-1.19032320216614	6.67185488540146	-6.98022057830545	1.11082162674235e-10	4.96214464287938e-09	13.9544700011913
SH3GLB1	1.36129110569291	11.8055640524088	6.97629143334065	1.13404958570515e-10	5.00454071059514e-09	13.9343981623654
CA4	2.05778668508898	10.7740904815182	6.96511185369491	1.2027973415256e-10	5.23868358790295e-09	13.8773170153303
CRIP2	-1.33103606853937	5.73762881837226	-6.9420249056352	1.35806148965251e-10	5.81795768497447e-09	13.7595759258693
MAN1C1	-1.17571551925591	5.89885589428467	-6.94018493076893	1.37125518695797e-10	5.85050223235578e-09	13.7502002240362
RPL12	-1.12171827735433	12.2545472911679	-6.91615413589985	1.55564701762481e-10	6.5305936848322e-09	13.6278586371883
B4GALT5	1.12581825980315	12.2348521294891	6.90343454466382	1.66294728491584e-10	6.85935550407e-09	13.5631848774786
EID2	-1.14995154663228	6.33412638336496	-6.90107743798153	1.68361925320955e-10	6.90151845247035e-09	13.551206251163
IPO11	1.46123434531654	9.25924455545255	6.894649214831	1.74129367014427e-10	7.08239016887864e-09	13.5185485211302
SEC61G	1.03009652508741	10.8203872434088	6.87815899794317	1.89831870331805e-10	7.6614383806114e-09	13.4348391517568
GNLY	-2.23406259725117	8.6031469780219	-6.87640263514366	1.91584566775353e-10	7.70243644808757e-09	13.4259290126242
FNBP4	-1.05044754277007	9.20554151575183	-6.86390805923237	2.04522693288983e-10	8.159830965457e-09	13.3625749787308
RPL12P38	-1.03424026345669	10.2991455165766	-6.85274139625514	2.16813484492021e-10	8.61730552621711e-09	13.3060013745546
RPSAP39	-1.53297452696063	11.5907109629124	-6.84304600752777	2.28074364034884e-10	8.92906864141067e-09	13.2569179489051
PLEKHF1	-1.2135376962748	7.27419963731387	-6.82712824042574	2.47827087653881e-10	9.59457980461489e-09	13.1764067833659
MARC1	1.30155600955669	10.4510757051679	6.80422208542571	2.79248071675353e-10	1.03509932383775e-08	13.0607096130522
CRISPLD2	1.19104230452362	11.5523823095328	6.80232560239431	2.82019229980144e-10	1.04167738903974e-08	13.0511391718163
KLHL2	1.47825333216929	10.2074928765912	6.79410135979445	2.94353981045745e-10	1.07583292443048e-08	13.0096513968137
ITGAM	1.14826855253702	11.7180155111241	6.77103157975967	3.31867248853259e-10	1.18801655899422e-08	12.8934062750705
ABI3	-1.36601718200393	7.31919756085401	-6.76372181302541	3.44709786977889e-10	1.2247400769113e-08	12.8566142369993
KLRD1	-1.98395944945315	7.79979819905109	-6.76320239331731	3.45640794689403e-10	1.2247400769113e-08	12.8540006056562
NSMF	-1.35706193225984	7.08979730323358	-6.74402725883341	3.81802599713079e-10	1.33925589758417e-08	12.7575843357737
GPR68	-1.53089196025748	5.42415241754744	-6.73616476921256	3.9768714534768e-10	1.3856745767731e-08	12.7180895873718
AGTPBP1	1.36087101980709	10.8449684112263	6.70981827593144	4.55817525023281e-10	1.56218379969454e-08	12.5859140365043
CLIC3	-1.92510060708898	6.76280394329927	-6.70540179990141	4.66350401931634e-10	1.58871727660892e-08	12.5637827727979
FGFBP2	-2.60383230989528	7.92793498375182	-6.7052986477829	4.6659925755184e-10	1.58871727660892e-08	12.5632659578672
MS4A2	-1.12872010459606	6.17199673530657	-6.70155509405756	4.75719804558825e-10	1.60928774014673e-08	12.5445126273747
LY9	-1.05150306184409	6.42208246156569	-6.695764498018	4.90175116470029e-10	1.64224374758372e-08	12.5155150073683
S1PR5	-2.20254822961339	7.05481177285401	-6.68813905483858	5.09873536614954e-10	1.70278213362176e-08	12.4773482517861
DNAAF2	-1.01097640529213	6.10650932420438	-6.63257867119227	6.7898205677899e-10	2.18381521215716e-08	12.1999231886648
HIST2H2BE	1.36006024897323	10.4235016884453	6.62570207110879	7.03428724234548e-10	2.24860564355466e-08	12.1656687198801
SHKBP1	1.08846424028347	9.56916489673723	6.62056789204799	7.22244905691048e-10	2.30171524365504e-08	12.1401056279664
SEMA4A	1.29969102030079	10.7509499500146	6.61087574722	7.59127956927386e-10	2.4045953132612e-08	12.0918760603909
CDK5RAP2	1.26837726692755	8.04123123927007	6.60312430323134	7.899568264119e-10	2.4871743091818e-08	12.0533297850316
PPP3CC	-1.27698227287795	7.59666778950365	-6.59654610109821	8.17085191859415e-10	2.5419617590793e-08	12.0206360106615
IRF2BPL	1.64012489318661	11.3451792285985	6.5952700661892	8.22452894628673e-10	2.55106828117315e-08	12.0142960359984
LTB4R	1.31837073900158	9.39955179559854	6.58923078244678	8.48332713511614e-10	2.62355676163814e-08	11.9842984412526
ACKR3	-1.16278029910236	6.03944839428467	-6.5848245469301	8.67719393505188e-10	2.67559611218576e-08	11.9624212567433
CD247	-1.96071922187401	10.1761737715036	-6.5707950354945	9.32401941267229e-10	2.82890581596276e-08	11.8928143294082
TGFBR3	-1.74329311959842	7.95340201836496	-6.56174257512171	9.76636752406543e-10	2.94201267230709e-08	11.8479416211877
VPS9D1	1.31870580189764	9.44444695794891	6.55967092909656	9.87047097305732e-10	2.96064657276604e-08	11.8376770551103
MRPS35	-1.15573609257008	7.11261943035766	-6.55508106664398	1.01050301236129e-09	3.01793942520358e-08	11.8149412488777
PYGL	1.17469385773228	12.4055031945255	6.55195485535357	1.02679274526393e-09	3.05785315277604e-08	11.7994603421684
UBASH3A	-1.64221706598111	6.34881425164964	-6.54917595124421	1.04148984997108e-09	3.08404912230812e-08	11.7857025101973
ACSL1	1.05743638747245	12.5545843027007	6.5321419163371	1.13621789023636e-09	3.3175658119108e-08	11.7014365715773
OSCAR	1.10770104661457	10.3323156964708	6.47720673705884	1.50334942187855e-09	4.224331050241e-08	11.4304599500997
MOCS2	-1.2066620541315	5.78199850116788	-6.4678107196782	1.57691121555744e-09	4.40734035727858e-08	11.3842332427652
HLA-DRA	-1.68273496154724	11.9528513319088	-6.44080162964198	1.80868443524541e-09	4.94010040403109e-08	11.2515513994625
CCDC102A	-1.17396191518503	6.17002693105839	-6.44077176579901	1.808958414448e-09	4.94010040403109e-08	11.2514048568437
CYP1B1	2.32189605491418	10.7512767147518	6.43382072230004	1.87385378915149e-09	5.1008837651043e-08	11.2173057506406
HOPX	-1.07931134134645	7.17336352488686	-6.40234538123694	2.19758318641157e-09	5.88207349923529e-08	11.063146090654
FCMR	-1.6751491847874	9.06232702333577	-6.38146448900595	2.4421115011705e-09	6.39784248665043e-08	10.9610995082888
ENOSF1	-1.13728826258189	6.60714258591241	-6.38064391346762	2.45224913567969e-09	6.40834005381494e-08	10.957092951979
APEX1	-1.12748384720512	8.88951982848175	-6.37993507468751	2.46103968138117e-09	6.41498766704929e-08	10.9536321868822
CD74	-1.46852256735669	9.95559516048418	-6.37329676413012	2.54488364325349e-09	6.58457146607147e-08	10.9212320065326
FYN	-1.075467288275	7.83483051916788	-6.37124858434306	2.57131584370008e-09	6.62018830398941e-08	10.9112389491602
PRF1	-1.8302939464252	9.21650161585401	-6.35535077561763	2.78587906066808e-09	6.98340379404398e-08	10.8337326520906
RGS18	1.0049639272441	12.4393909060584	6.33448804801571	3.09437237688095e-09	7.68301055950987e-08	10.7321802049511
CNIH4	1.09292052348897	11.1730974864964	6.33305758358544	3.11671496567262e-09	7.720147283454e-08	10.7252238498489
FAM84B	-1.08751419618346	5.9988006959781	-6.32733741491151	3.20765652827109e-09	7.88932557412181e-08	10.6974151879376
HNRNPA1P58	-1.40147531695276	10.558789747438	-6.32159661716307	3.30155022416647e-09	8.08222587663048e-08	10.6695199986825
HLA-DPB1	-1.45131613053228	6.32689291524817	-6.31521428302151	3.40911303700123e-09	8.28441610842102e-08	10.6385237207451
AGTRAP	1.0085007418189	9.8314028759854	6.30676555717801	3.55681964459099e-09	8.60635086687722e-08	10.5975181594295
SLC22A15	1.0771103357378	8.40338551724818	6.30030856462082	3.67393358337158e-09	8.86919809399147e-08	10.5661996394542
MICAL1	1.1222608485819	10.1880128676204	6.28373850881512	3.99211348870922e-09	9.46248578174092e-08	10.4859099433902
SH3YL1	-1.0075277255811	6.37912491756934	-6.26743510636112	4.3315809548245e-09	1.00841905836928e-07	10.4070257614858
ACP1	-1.28722799500158	7.93648951840876	-6.25686285161887	4.56672847047216e-09	1.05377511483103e-07	10.3559321856697
SLAMF6	-1.1509718334622	8.19315620972628	-6.24041202099131	4.95781306766031e-09	1.1364916665845e-07	10.2765234955004
C6orf48	-1.08830571737007	10.5830347741606	-6.2278895600578	5.27741424690591e-09	1.19146460308655e-07	10.2161548699753
CSRNP1	1.07705749726063	10.4306702143942	6.22644007724579	5.3156918679052e-09	1.19494466871426e-07	10.2091715122364
ANKRD33	1.38995674001102	9.29158541345985	6.22500570241818	5.35383922696442e-09	1.20093736994547e-07	10.2022618317018
RUNX3	-1.51814813173228	9.53521556151095	-6.22338530726502	5.39725769322391e-09	1.202932508897e-07	10.1944571176438
CD2	-1.70560851911024	9.28245026208759	-6.21239398579378	5.70104728295757e-09	1.25459046839485e-07	10.1415467295824
SULT1B1	1.33577879407795	8.63658496762044	6.21020324838792	5.76357629621777e-09	1.26568619799085e-07	10.1310071142018
RSAD1	-1.04420509747244	6.11198064470803	-6.19141323661479	6.32833077679616e-09	1.36391838370825e-07	10.0406938402175
IL4R	1.16592491958622	8.7531423775073	6.17267295919017	6.94568225727092e-09	1.47567513486286e-07	9.95077230733562
OLFM1	-1.55319480762441	5.3409184730438	-6.15331393942779	7.64553714421824e-09	1.59837599537026e-07	9.85804281324866
RPL22	-1.33840938182677	9.55833248163504	-6.09357273204651	1.0271549633424e-08	2.0529351494872e-07	9.57292338997473
BIN1	-1.15135899682441	8.6715032144635	-6.08604735293943	1.06596117803899e-08	2.12237946553174e-07	9.53712025403643
HNRNPA1P12	-1.48732731196063	10.3712016579088	-6.07781037174496	1.11008852027639e-08	2.19352652220211e-07	9.49796056084757
MSRB2	1.11624254155748	11.1069244843796	6.05742289410202	1.22717107156877e-08	2.39838209155287e-07	9.40116656539671
PFKFB3	1.11281207188163	8.87044016478345	6.05736380736848	1.22752742655772e-08	2.39838209155287e-07	9.40088630962504
UGCG	1.91915092932677	10.2301955793869	6.04942192007024	1.27636174232762e-08	2.46613850139568e-07	9.36323125359532
CACNA2D3	-1.95840408891575	5.77251444755474	-6.04154894396015	1.32665379129843e-08	2.54449762943899e-07	9.32593100563002
PLOD1	1.02832795815985	10.5901137163577	6.02843043091818	1.41480952785881e-08	2.69872335669856e-07	9.26384093559723
RETN	3.04000042728741	9.52425844837956	6.02501767933598	1.43867023120277e-08	2.72487062698892e-07	9.24770112605622
BCL11B	-1.87439163788425	8.07027896789051	-6.02051273445486	1.47077298596748e-08	2.77508845168195e-07	9.22640414024368
RPL18AP16	-1.15291675120472	10.9011830701825	-6.01837594911114	1.48624485087556e-08	2.79419378169105e-07	9.21630577863114
CYP4F22	-1.11733493199842	5.15346911170803	-6.01453045861184	1.51449251664676e-08	2.83201972746129e-07	9.19813737624836
CDA	1.06400028702205	11.0271260860949	6.00093039168858	1.61868643418944e-08	2.99471314983757e-07	9.13393655064633
MXD4	-1.01771359929764	9.22080957128467	-5.9915346727616	1.69474699057174e-08	3.11887153036028e-07	9.08963220840298
LILRA5	1.45515119107874	12.1491888646715	5.97914552159634	1.80042344375917e-08	3.29017941566689e-07	9.03127452066786
USB1	1.02692171602913	11.148348061438	5.96224541697972	1.95506807748028e-08	3.51744003681606e-07	8.95178224376459
SPOCK2	-1.59556386766141	9.93135446422628	-5.95995486295271	1.97700638028398e-08	3.54652189854549e-07	8.94101839440317
CCL4L2	-1.18523076877008	6.84165546543066	-5.95975636024612	1.97891892004128e-08	3.54652189854549e-07	8.94008569777331
TDRD9	2.24894601495669	8.5148566235292	5.9576102361383	1.99971273475138e-08	3.5693550029936e-07	8.9300029531795
METTL9	1.05698707875827	7.65211769134307	5.93976858139647	2.18108656356576e-08	3.84467080083522e-07	8.84626323730872
NBEAL2	1.02706998061102	10.4931513290876	5.9338303068876	2.24496077509758e-08	3.93074957824037e-07	8.81842471180281
RPS28	-1.18320647340946	11.6274141816058	-5.932235569549	2.2624246518084e-08	3.95470315808582e-07	8.81095140245085
CD5	-1.47599609822834	6.38455870924818	-5.93106924093522	2.27528136373253e-08	3.97053691070053e-07	8.8054864645552
ZNHIT6	-1.05190655706772	6.80301024424818	-5.92616482795645	2.33013274163112e-08	4.05272504962897e-07	8.78251332220039
SLC9A8	1.03820617449842	8.6565482620073	5.91642147680103	2.44297918599488e-08	4.19900809542273e-07	8.73690698231569
LYRM2	-1.03122144962204	8.1633856330365	-5.91579697358723	2.45039217278089e-08	4.19900809542273e-07	8.73398533975875
HNRNPA1P4	-1.02016219386457	9.11110778624817	-5.91175252584867	2.49893762197642e-08	4.26820179126136e-07	8.7150684214633
SIPA1L2	1.45682503508977	9.89920779408759	5.91130027715835	2.50442424877134e-08	4.27059488946277e-07	8.71295361366082
ADGRG5	-1.1357381397874	7.03404215635766	-5.90482078495278	2.58434223364618e-08	4.39969533685724e-07	8.68266468157656
GATA2	-1.19272222568032	5.7040873479927	-5.90024407627443	2.64229329896699e-08	4.476481661929e-07	8.66128231796252
SLC26A8	1.05563049886358	7.53977556775365	5.8775845380926	2.94852035485503e-08	4.9362077113104e-07	8.55556195668645
SERPINA10	-1.02283527117953	6.42388994306569	-5.87227974304114	3.02509162231021e-08	5.02723095834795e-07	8.53084682750842
CYP2S1	-1.24583414010394	5.4687286470438	-5.86887097863273	3.07532040338778e-08	5.07840824275079e-07	8.51497234895197
TARBP1	-1.1396250605252	6.16985201456204	-5.86221127863333	3.17582300753679e-08	5.20327239777149e-07	8.48397424455934
LPIN1	-1.31667966285985	8.24928722932847	-5.86010969731397	3.20820163236495e-08	5.24809572192658e-07	8.47419662376225
RNF144B	1.11135845358268	9.58399386857664	5.852110366154	3.33443285398009e-08	5.41224015879718e-07	8.43699883030967
MTF1	1.13298954182678	10.0331628272701	5.85069007013818	3.35734891434164e-08	5.43256473709183e-07	8.4303974667871
AGPAT5	-1.05553035587717	5.71159244070073	-5.84606657787259	3.43302217552495e-08	5.52933448393873e-07	8.40891467180182
MFN2	1.22270193622284	8.98098650481022	5.82235911174149	3.84809529637998e-08	6.09456668682726e-07	8.2989191791881
SLAMF1	-1.07367974067244	6.56778745551825	-5.80176251175643	4.24834323090091e-08	6.57895285816404e-07	8.20357531509438
FAR2	1.13441802024016	9.76205012968613	5.77226919405631	4.89336597897517e-08	7.43464456078887e-07	8.06740296193984
ITGA2B	1.73538754009606	9.28632488413139	5.72903206343073	6.01567813955188e-08	8.91941611244479e-07	7.86853700148755
HSPA1B	1.03237655071811	10.0823135205109	5.72201011086857	6.22031984198489e-08	9.1578877898969e-07	7.83632618204187
ST6GALNAC3	1.23769924298504	7.54800231624818	5.67857561983827	7.6463155078823e-08	1.10244049660543e-06	7.63762422362061
ZNF683	-1.38314095135748	6.61089312237226	-5.67822356058507	7.65909052779464e-08	1.10276134004184e-06	7.63601744760819
ZNF438	1.10809498180236	9.20197072371533	5.67682152980484	7.71017299511519e-08	1.1085892478396e-06	7.62961927804511
HOXB2	-1.03768153389134	6.60241953036496	-5.67578241613801	7.74824773724874e-08	1.11253342853655e-06	7.62487791022357
CYSTM1	1.86744505154253	10.6293502410657	5.67025572061322	7.9538677406873e-08	1.13581665974596e-06	7.59966917532937
ESYT1	-1.08672431985827	9.63417575419708	-5.66436090882025	8.17906973370598e-08	1.16479313251265e-06	7.57279808547521
CRTAP	-1.39162200439448	7.83663238240146	-5.6489318693383	8.79846917736188e-08	1.24621135922715e-06	7.5025477738908
GADD45A	1.78533528605433	9.88060796911679	5.64451158313327	8.98422655964357e-08	1.26908270578317e-06	7.48244355302371
CNTNAP2	-1.50723106612047	5.11009272391971	-5.63478754729245	9.40647760011471e-08	1.3222805733723e-06	7.43825135741371
ATP9A	1.80358228164803	9.5961034460219	5.62936718815569	9.65021349072348e-08	1.34529842191525e-06	7.41363835988013
LIN7A	1.07067827395198	8.43376674142336	5.62931739801461	9.65248078481236e-08	1.34529842191525e-06	7.41341233897931
SLCO4C1	1.11109927994409	8.1126228470219	5.61612687354601	1.02718636279328e-07	1.41559682067043e-06	7.35357819321136
SLC45A3	-1.22848618409606	6.49188034889051	-5.57857972628101	1.22556039604527e-07	1.66158013227771e-06	7.18373921770294
BATF	1.10604151526221	8.5120270570438	5.57511926379486	1.2456250434334e-07	1.68441378771143e-06	7.16812226561484
MYC	-1.0775147620374	8.36576329177007	-5.56963584038057	1.27807888771609e-07	1.72143436733662e-06	7.14338822531369
OLFM4	3.02396691285275	8.89794936156569	5.5574819209852	1.35298754769541e-07	1.80392587194644e-06	7.0886202097604
POR	1.09250668482363	8.66954033053285	5.5453587516654	1.43197716892435e-07	1.89955042471653e-06	7.03406588323603
DOCK10	-1.14970095330709	9.13594843430657	-5.52734578126629	1.55773117838184e-07	2.03809718573716e-06	6.95314644797095
CD4	-1.46735706987244	6.7657775839927	-5.49255055838535	1.83193853856066e-07	2.34384988293447e-06	6.79730935202203
FASLG	-1.08152723447953	5.4565366689781	-5.47901476282104	1.95089618675574e-07	2.48086591729413e-06	6.73685599326431
GRB10	1.15710835301706	7.15810225979319	5.46978080527658	2.03634347396485e-07	2.57850378266091e-06	6.69567009741999
ELANE	3.36147391185039	10.4109423805912	5.46365709310883	2.09501460219281e-07	2.63845634177367e-06	6.66838122490209
CTSW	-1.43018793992363	7.51665943226277	-5.45319549468286	2.19908884121103e-07	2.75294319247652e-06	6.6218068926215
HPSE	1.14387733629252	9.04233933476277	5.44495530210079	2.2846032245901e-07	2.83285379675449e-06	6.58516242489175
PEBP1	-1.05860753192677	8.71941205094161	-5.43928780186441	2.34529493961082e-07	2.89056925029941e-06	6.5599794831727
E2F2	1.39456692183386	9.64415482516058	5.42961909696308	2.4524878256999e-07	3.00890319742266e-06	6.51705654620709
MAP4K1	-1.20311100489134	8.72545374023358	-5.42350220689714	2.52275819705998e-07	3.06632458533348e-06	6.48992681947796
LGALS2	-2.09498594482598	7.3686372619781	-5.42040768146286	2.55905285393115e-07	3.092460055739e-06	6.47620944048216
PLIN4	1.09144804177796	8.30288615710219	5.41193938146314	2.66100088559443e-07	3.18619040745917e-06	6.43869708032587
SMARCD3	1.27665966329607	9.25896810575912	5.40258609192581	2.77821281482409e-07	3.30759209035948e-06	6.39730848885825
CXCR3	-1.15576852412914	6.02765003606569	-5.39575626175512	2.8669701646064e-07	3.39393421637947e-06	6.3671155407748
NT5C3A	1.01914074271023	11.5207210008759	5.37892527873488	3.09767829868467e-07	3.61788058727943e-06	6.29281572098533
BPI	2.72858883504961	9.48566375689781	5.37403525258545	3.16803845665445e-07	3.68992013698676e-06	6.27125711353111
TSPO	1.01555082966405	12.4362200952117	5.35557226415524	3.44802794921119e-07	4.00024818569418e-06	6.1899745680575
STXBP2	1.46806146152441	11.7128834538102	5.35369549949722	3.47780529478019e-07	4.02585811144378e-06	6.18172239377213
ALDH1A1	-1.54028870286693	7.05548579175912	-5.31786782881713	4.09681638322335e-07	4.65478496237322e-06	6.02455004841954
RPL13	-1.0367452758378	9.1103272970146	-5.30934869269624	4.25912387248665e-07	4.82346932167962e-06	5.98727925809893
AXIN2	-1.02237687906535	6.78978816940146	-5.28780285524374	4.69810918679892e-07	5.25233532936996e-06	5.8931927226181
PTGDR2	-1.95602828476141	5.47107923954745	-5.27359747164138	5.01134516573312e-07	5.58460458607764e-06	5.8312985302329
CX3CR1	-1.62322491815236	9.12939349406569	-5.26965148563278	5.10190956863165e-07	5.65538289723294e-06	5.81412501795584
KLF4	-1.00455483480551	7.47713344901825	-5.26388289853923	5.2371813442587e-07	5.79304302555939e-06	5.78903457732544
GZMA	-1.95107520122046	9.9028005850438	-5.26251560520138	5.26975287267073e-07	5.82290980740245e-06	5.78309020787872
BCAT1	1.77000347626772	7.87540550023358	5.25352878280717	5.48880259522402e-07	6.02040435759462e-06	5.74404504940113
P2RX7	-1.10721304591811	7.59162331838686	-5.25092397045566	5.55393545396342e-07	6.08545988472533e-06	5.73273615762416
FBN2	1.02808138220945	7.86251818475183	5.23399311381642	5.99602251285239e-07	6.50845517412731e-06	5.65932097311874
IL32	-1.6214363247	9.12818121140146	-5.21705719257314	6.47247193205268e-07	6.93204396575273e-06	5.58604166927058
RASGRP1	-1.14172122951102	7.56120864421168	-5.21424226744955	6.55515775568441e-07	7.00053237428592e-06	5.57387723385714
LAX1	-1.14193097443386	7.43550388273723	-5.20159763959019	6.93944869217319e-07	7.35680093096211e-06	5.51928873229118
GOLGA8B	-1.00505619014488	9.33171059075912	-5.20079907435399	6.96444148868797e-07	7.36665768214076e-06	5.5158441956111
CLEC4D	1.53543792053307	9.51614721481022	5.19972542746528	6.99818174955614e-07	7.38163408961759e-06	5.51121367718857
SLC11A1	1.01466294346457	9.70823298789051	5.19616340039976	7.11126552151513e-07	7.48768722160804e-06	5.49585563464102
FOLR3	1.41930796611417	11.961636503	5.1927004436089	7.22290909444588e-07	7.57282535248172e-06	5.48093149539019
CYB5R4	1.02611921700394	10.3377403605839	5.1625269363509	8.27069937619177e-07	8.54284788333326e-06	5.35117663635935
CECR1	-1.05813015707519	8.0359566059635	-5.1606928055221	8.33895250598018e-07	8.59635804191428e-06	5.3433057216394
PEA15	-1.15485889504882	8.90263968026277	-5.15949275873107	8.38390598754403e-07	8.6256859535234e-06	5.3381569079981
DUSP6	-1.08885559343621	9.02361673223358	-5.14087825109278	9.11216009005789e-07	9.28356816972467e-06	5.25839450262522
STOM	1.3604788104252	10.9873429652664	5.13913162384135	9.18357032221783e-07	9.33811873328239e-06	5.25092025599956
NLRC4	1.3399959676504	8.99193612720438	5.12510178732521	9.77727351586298e-07	9.86504247696097e-06	5.1909454134645
CD96	-1.21287950482756	7.85794455118978	-5.11500157167969	1.02276374665689e-06	1.02698841919351e-05	5.14783763844086
ANPEP	1.16827091438977	10.7580613926642	5.10343905732487	1.07680011908388e-06	1.07679663469776e-05	5.09855955125307
CACNA1E	1.01572171355197	7.00448407618978	5.10102945438469	1.08840587051318e-06	1.08456687935885e-05	5.08829963610095
SOCS3	1.10280471029961	7.74631903546715	5.096755086591	1.10929322218505e-06	1.10199251874374e-05	5.07010778609695
SMIM1	1.41879411393071	8.80936537417518	5.08349645516979	1.17659409034778e-06	1.16357029578101e-05	5.01374461049802
SIAH2	1.01051178832126	8.66330241937226	5.08234021972436	1.18264789550827e-06	1.16845164950359e-05	5.00883412784631
KLRG1	-1.62643806124173	8.09061927051825	-5.08116676165548	1.18882284121738e-06	1.17344335781353e-05	5.00385127950986
PIK3AP1	1.03345913699371	10.0189220678905	5.05596586717696	1.32925990672672e-06	1.29253523767576e-05	4.89703041087963
CD6	-1.52120066863858	8.63900386881752	-5.04104491346809	1.41987675586364e-06	1.36666406344775e-05	4.83395511341628
CTAGE5	1.06207420535276	6.87904324732847	5.03559460920168	1.45445173596894e-06	1.39677541348421e-05	4.81094692376612
PRSS33	-2.01773732497795	5.71595147033577	-5.03478614028116	1.4596495963887e-06	1.39979057165607e-05	4.80753546658762
CCR3	-2.22661494905906	7.94020295505839	-4.98457349375326	1.82040082422186e-06	1.68241464519407e-05	4.59639493250289
ACER3	1.09079702877875	10.10590364	4.9747160575375	1.90075505085148e-06	1.73828456225289e-05	4.55511676120579
LEF1	-1.45689845085196	8.63653908736496	-4.96838581005555	1.95416194197355e-06	1.7747050199348e-05	4.52863859189795
EEF1A1P12	-1.05020620059842	13.4132174803066	-4.96414945227003	1.99071399474672e-06	1.80476438743169e-05	4.51093180333177
SKAP1	-1.44298853323307	8.34382833872993	-4.94409927132213	2.17291019278752e-06	1.93885744981925e-05	4.42726999475394
MAL	-1.48263420935787	8.58673925962774	-4.93889485741578	2.22278801068818e-06	1.97239414904275e-05	4.40559244487521
IL18R1	2.11057547472363	10.8015756960292	4.92824435741604	2.32834738650138e-06	2.05523841256324e-05	4.36128031216373
KLRF1	-1.15736466479054	7.6016539485219	-4.87872006539338	2.88655484613976e-06	2.46110585699013e-05	4.15611025365356
CD3D	-1.54075574466535	9.89022755880292	-4.86454491843998	3.06890392616694e-06	2.59540879775267e-05	4.09765298506664
KDM2B	1.25507414899685	5.95982203044526	4.8634795912723	3.08305071670877e-06	2.60526508825843e-05	4.09326449035586
MCOLN2	-1.31095692415276	7.06089965548175	-4.85303402565506	3.22515201961315e-06	2.71000916889198e-05	4.05027104651185
CD7	-1.10286417888504	8.74028912127007	-4.84733934283865	3.3052758272004e-06	2.76621683120302e-05	4.02685946883646
S100P	1.30873864800787	12.9305665785401	4.83770372844488	3.44526292948164e-06	2.85367142645576e-05	3.98729042545521
LRPAP1	1.20322033300551	9.10362235022628	4.82039784601459	3.71124458168596e-06	3.03549605730542e-05	3.91636298365434
PIK3IP1	-1.10098736597243	9.09464405883942	-4.78797672070303	4.26407969803226e-06	3.42075403557415e-05	3.7839719794717
IRF8	-1.05089012412598	9.78496849120438	-4.78311306978075	4.35360930381453e-06	3.48188814481816e-05	3.76416618938236
HDC	-1.75635158401574	6.91575478453285	-4.75390836794742	4.9307383410274e-06	3.85209326448127e-05	3.6455408210039
CST7	1.60655737957481	11.844684911562	4.73715846074262	5.2944633126551e-06	4.10252223922785e-05	3.57773967417485
F5	1.12828959398268	9.69206975991241	4.73292109778647	5.39051535738373e-06	4.17385607635053e-05	3.56061465340116
COL17A1	1.92715498918189	7.47171889149635	4.69622448332467	6.29596671998428e-06	4.76896667565186e-05	3.41276892120714
S100A12	1.35098736117324	13.4553925080292	4.6876301105569	6.52838370847318e-06	4.91297299529663e-05	3.37826325634759
AKR1C3	-1.19574230803464	7.65929004660584	-4.66991586472115	7.03388721891668e-06	5.21825572032194e-05	3.30728626118181
VNN1	2.0594269613567	9.35840689059124	4.66815701027295	7.08609576698032e-06	5.24581862976242e-05	3.30024954294552
ZDHHC19	3.15184598123071	9.30971767287591	4.66367749118197	7.2207600934703e-06	5.33417704996785e-05	3.28233682969599
VWF	1.2858187997252	7.90984360758394	4.65711235004753	7.42260174188202e-06	5.46782635714537e-05	3.25610665422959
CDC20	1.6280642738748	7.26154631926277	4.64981060015632	7.6534954968308e-06	5.61023761769792e-05	3.22696495126741
PRR5L	-1.1526207132504	7.10097811892701	-4.64962390719359	7.65948911597897e-06	5.61069654725496e-05	3.22622028424861
ZFP36L2	-1.19941726685826	9.60438744875182	-4.63362950562524	8.19016716780012e-06	5.95850483724158e-05	3.16250371506707
MMRN1	1.08119484528426	7.27143677821168	4.62736868077332	8.40742416967571e-06	6.08422557836382e-05	3.13760611368574
EOMES	-1.63537743371575	8.11575143758394	-4.62727544638649	8.41070119653278e-06	6.08422557836382e-05	3.13723553113149
GALNT14	1.26560644262362	6.66447938071533	4.61818297519238	8.73628328423472e-06	6.26106590468425e-05	3.10112146261621
HBQ1	1.53313271322599	9.63887032481022	4.6094779799862	9.05937655996795e-06	6.4595950328339e-05	3.06659496247398
CD8A	-1.54341698295538	7.9743973043163	-4.57523516224504	1.04459682932932e-05	7.23603091913809e-05	2.9312407560702
PRTN3	2.29048880187323	7.46090797653285	4.5647110192372	1.09118038530109e-05	7.51885864703514e-05	2.88978988882567
OLAH	2.32177112188583	7.82068245172263	4.55199006653255	1.15016737484784e-05	7.84771512355382e-05	2.83978025942239
PCOLCE2	1.87003527351103	7.19464481873723	4.53506196658684	1.2334508919338e-05	8.3397556102096e-05	2.77339059940817
INSL3	1.0324206728819	6.83012820367883	4.5345620171985	1.23599692570639e-05	8.35156810886159e-05	2.77143264066647
IL7R	-1.52498458191732	10.1095036212883	-4.51583047209169	1.33512757065887e-05	8.91762843201097e-05	2.69818896306835
GOLGA8S	1.40519901256614	7.03076076387591	4.51178695815086	1.3575110105712e-05	9.05556004690541e-05	2.68240752931618
CXCL16	1.0403335224874	11.0542396143212	4.5115624699652	1.35876423989962e-05	9.05813941305529e-05	2.6815316808011
MPO	2.39248685375118	8.73835539563504	4.51114566854699	1.36109403726582e-05	9.06788780850201e-05	2.67990560103701
SORT1	1.14270041926929	9.54167969594161	4.4967099145976	1.4442050056202e-05	9.51845833779823e-05	2.62365566404894
SAMD14	1.36815285619922	7.85309880531387	4.48623840402391	1.50753166073376e-05	9.88596515034502e-05	2.58293638732816
NAAA	-1.04941653261496	8.17168022059124	-4.48487126838806	1.51599435783828e-05	9.92900314691951e-05	2.57762537806637
ALCAM	1.0302581572504	8.74983829450365	4.46582328181764	1.63877261659056e-05	0.000105937477805944	2.50375356664517
GMPR	1.09643468222913	8.08449896929927	4.46520332413923	1.64292547641135e-05	0.000106140296693002	2.50135318264019
AMPH	1.45012942039291	6.40211464189051	4.46035108007914	1.67578083865465e-05	0.000107995913110093	2.4825745925691
EMILIN2	1.01369854253701	10.4077185415912	4.45900485940091	1.68500790731983e-05	0.000108456820537033	2.47736730292471
LTF	1.30149038688938	7.32446683622628	4.45572100474627	1.70772136587412e-05	0.000109851147307582	2.46467000651153
UPB1	1.2471964286063	7.21793938994161	4.40919282881377	2.06300707397799e-05	0.000129907306893325	2.28551690721568
MMP8	3.13396884554174	8.29513825510219	4.40815684309956	2.07167579690589e-05	0.000130296191967854	2.28154396416161
CTSG	2.62014920247165	9.35709615416788	4.40688725998036	2.08234697911412e-05	0.000130786450550011	2.276676144767
HLA-DRB6	-1.92935010236299	7.94006580656204	-4.40185462516454	2.12517037162509e-05	0.000133100095234254	2.25739044077679
CDCA5	1.22353117255669	7.24449743574453	4.39854394805408	2.153802122881e-05	0.000134329914024315	2.24471252834066
C3AR1	1.18272120670316	9.03985642071533	4.38170531270175	2.30526709931969e-05	0.000142248860620949	2.18034170011688
RNASE3	2.00254516182362	9.46690460732847	4.38061569471214	2.31541345622569e-05	0.000142726595453813	2.17618270599954
ANKRD22	1.50124918277873	9.25488064775912	4.34747413053967	2.64537713418432e-05	0.000160116544201671	2.05005679154064
OSM	1.02706757762914	8.81221208260584	4.33156385196	2.81941149632671e-05	0.000169084886095592	1.98976494072423
TSPAN9	1.02054712872205	9.13750880047445	4.3309004313982	2.82690220345541e-05	0.000169338731992661	1.98725455310159
TMEM119	1.57852968673464	6.57240294481752	4.3047917773656	3.13736314093799e-05	0.000186017339263896	1.88869114501036
BEX1	1.10747357026181	7.06785660413139	4.28619260768858	3.37823080528575e-05	0.000198385655099168	1.81875362513161
RARRES3	-1.14292001108661	9.69159064924088	-4.25847199592656	3.77044593858511e-05	0.000217868830271034	1.71494630735784
TPST1	1.4735312600063	9.06155514732847	4.25261424399211	3.8587453427517e-05	0.000222111591782949	1.69307631562962
GP9	1.09789625329764	10.9410862442482	4.23155668906317	4.19283960505234e-05	0.000237034896655555	1.6146483105115
PECR	1.20122737119291	8.48249043767883	4.20738339567176	4.6105773012061e-05	0.000257999810115136	1.52498478620505
OPLAH	1.03412740789764	6.84705814949635	4.20290196854987	4.69228327975638e-05	0.00026173125466005	1.50840574601542
HLA-DMB	-1.4939380895433	10.4127034073358	-4.1996265619867	4.75287680943466e-05	0.000264139610352674	1.49629699395469
FKBP5	1.24411908055906	11.9613875208394	4.19769316449924	4.78899498561633e-05	0.000265566920873462	1.48915289165767
FCER2	-1.17323821256378	5.8172207689708	-4.19600528005838	4.8207415988468e-05	0.000267044048398228	1.4829180599089
ASPM	1.01678940074016	7.02223188930657	4.1774247972221	5.18381011160992e-05	0.000283721722016852	1.41441209881275
FAM46C	1.48421698961575	10.5989810224745	4.17557961856579	5.22126242420735e-05	0.000285150763428628	1.40762177914619
PMP22	-1.0666007032126	5.28407407171533	-4.03343009173217	9.03147179522113e-05	0.000457836928590914	0.891540249897911
AZU1	2.07975178911261	8.36968459727737	4.03050367287805	9.13267110729823e-05	0.000462070721609818	0.881062877586358
THBS1	1.07735225763464	7.82333047091241	4.0095910797973	9.88801040951816e-05	0.000495436279078167	0.806364591919654
OAF	-1.03914395345985	7.40721418335036	-4.00949371225077	9.89166281867536e-05	0.000495436279078167	0.80601751888988
CSF1R	-1.45430746325984	10.0628709541752	-3.98228767308331	0.000109642310503815	0.000542913818899278	0.70930082992161
OLR1	1.99595449085039	7.8700878090292	3.95792419646687	0.000120180876491838	0.000587857137093677	0.623132181703025
ANKRD34B	1.98659827942756	7.47185759884672	3.94872289595315	0.00012440667062395	0.000606540544791112	0.590698282974458
CPVL	-1.49432714980709	10.2130228891314	-3.94425819973111	0.000126507787066455	0.000615063208467748	0.574982186464114
SAMSN1	1.14629458359528	9.02100378980657	3.87855341672259	0.000161618596344325	0.00076167682037296	0.34533734854422
SEL1L3	1.04119767087087	9.33019458408029	3.87005483393213	0.0001667856082451	0.000782851352934906	0.315859445239736
CD79A	-1.00267095632401	7.63012711667153	-3.848941255707	0.00018031075764319	0.000835770869315177	0.242850340599294
TLR7	-1.05223925093544	7.16893778820438	-3.84112606992838	0.000185576487788199	0.000857573398253776	0.215907479706322
CAMP	1.81054336209922	11.5995709105109	3.81343073224254	0.000205437899715763	0.0009369294789393	0.120783154026188
RAP1GAP	1.52889614350236	7.66943130545256	3.81285924475055	0.000205868250786991	0.0009384826975475	0.118826132344629
CA1	2.14175615943149	9.06924344164963	3.75916867035775	0.000250346074420203	0.0011069659542785	-0.0639741903944824
TOP2A	1.38421467087717	6.89145619545985	3.74053522068299	0.000267808144984977	0.00117227744536347	-0.126923444923157
AQP10	1.09575490631418	8.30562669366423	3.7394469103614	0.00026886291434121	0.00117541783505172	-0.13059220830276
CCR7	-1.2883830349937	9.16542693490511	-3.7296567650705	0.00027852991460646	0.0012121037457874	-0.163556309062078
METTL7B	1.57687571975118	7.25114982105109	3.62016742438242	0.000411608897903645	0.00169859763513099	-0.527388806640801
RPS4Y2	-1.04292886444724	6.82229662743796	-3.59012745650085	0.000457497730570742	0.00186223667354204	-0.625650466811424
OSBP2	1.32101542544488	7.71430126033577	3.57851513100509	0.000476497266337782	0.00192560829444214	-0.663453187962752
CXCL8	-1.49313542054094	8.75432367445985	-3.55110357609421	0.000524339006869149	0.00209755669299779	-0.752285711766483
MAOA	2.03847097147717	6.82977904110949	3.53067804201113	0.000562892064226681	0.00222202067498546	-0.818109479134699
GPR162	-1.41375254687716	8.44894419188321	-3.52731514215105	0.000569489867873502	0.00224552153484788	-0.828916527768364
RPS6KA5	-1.03192475854725	8.9811061830292	-3.51145462125167	0.000601600286165516	0.00234997301617643	-0.879770323849871
PFKFB2	1.23722157975315	7.75231194679562	3.44908511556399	0.0007451357746639	0.00283129925574764	-1.07788682005966
PRUNE2	1.16755562668032	6.8141722330365	3.42385041756814	0.000811881504642274	0.00305163515570863	-1.15719779884042
EXOSC4	1.09081223910551	7.85531034158394	3.35142220459528	0.00103592634688381	0.00375729982788913	-1.38210341297891
HBD	1.64500180879291	11.0511690789635	3.34381386027528	0.00106255550420563	0.00383790348495558	-1.40549265262626
CD86	-1.00209660974331	8.41644101189416	-3.33746890033755	0.00108525090976655	0.0039050353734216	-1.42496354512806
TMIGD3	1.25795743721417	7.82550493686861	3.32007501512286	0.0011498129633826	0.00410450067353023	-1.47817929780546
KLRB1	-1.06406827537008	9.74573775881022	-3.31185944750566	0.00118153922785972	0.00419376215579546	-1.50323217923238
SLC2A5	1.21532881414882	7.7480679490292	3.27619068458212	0.00132899642471192	0.00464770813901428	-1.61138821863014
ALAS2	1.08337055784961	8.26341883290754	3.19796368558885	0.00171448016157898	0.00576067538700903	-1.84507735716209
TGFBI	-1.29641857285039	10.1062234660584	-3.13888817085065	0.00207191480935812	0.00675958973227854	-2.0183305264578
HPGD	1.56041251831732	7.74743071045256	3.00509189690714	0.00315127634733408	0.00961199056279052	-2.40033526334791
CAPN13	1.02415289890473	5.91151374415329	2.99886566453154	0.00321233081390722	0.00975551830266477	-2.41775796046993
TACSTD2	1.4248599960811	7.82109206590511	2.94732482036085	0.00376116971034839	0.0111596670400998	-2.56076438799107
AHSP	1.39399051682835	9.71975652261314	2.9280826729566	0.00398726788276819	0.0117174335615901	-2.61359465731307
MS4A3	1.12244001067245	8.2616262263528	2.87018908624739	0.00474484242301662	0.0135402232726707	-2.77070011818749
CLC	-1.28942417977165	11.0716068894963	-2.83652434357167	0.00524378736696286	0.0147070859530085	-2.86077708649828
ECHDC3	1.0187260200756	8.63258001376642	2.809063709485	0.00568576707573636	0.0157231013869503	-2.93355383772106
ABCA13	1.30314205066378	6.3380175080511	2.7536966667725	0.00668172923184416	0.0180010607372338	-3.07836764303118
IFI27	1.85100166767717	7.54972883189781	2.60420705992087	0.0102107654513027	0.0254854659174946	-3.45641365509706
HLA-DRB5	-1.60485591747244	6.38170657922628	-2.34892598111985	0.0202379123996271	0.0449717045734061	-4.05753931162573
