logFC	AveExpr	t	P.Value	adj.P.Val	B
PTGDR	-1.37939824658858	6.40831376606204	-11.5550199233413	4.65050106248141e-22	1.21529219015295e-18	39.4597605386239
PID1	-1.61956176383386	6.4735243900073	-9.88683456269026	8.87581685412298e-18	7.73157613134562e-15	29.8575191914597
P2RY10	-1.63860536692677	6.54126450383577	-9.86323809904702	1.01916117635378e-17	8.19483982802006e-15	29.722813796275
PPIA	-1.24164323572756	6.06746372259124	-9.46347666803428	1.05099928421254e-16	4.99367978085167e-14	27.4491099664592
ID3	-1.70693665300393	6.16268550677372	-9.45082396794928	1.13122809161673e-16	5.14118575724767e-14	27.3774317865408
EPHX2	-1.26376207986693	6.42968742372263	-9.3163451089108	2.46930990778215e-16	9.92757556386418e-14	26.6168159494637
FCRL6	-1.00244898347716	6.0912156929708	-8.8752366265267	3.14078201688861e-15	8.87313362771259e-13	24.1393432830326
TXK	-1.71007770356142	6.51992776037956	-8.78807742444491	5.17284848144055e-15	1.25748337619763e-12	23.6533761388838
TRAF5	-1.30398758333228	6.25165834469343	-8.78195601712727	5.35707560843187e-15	1.27267071215769e-12	23.6192936918422
SH2D1B	-1.3560610848748	6.64878968036496	-8.71051890645298	8.05531185735239e-15	1.87115944099788e-12	23.2220305062986
MRPS21	-1.12601065598031	8.71856262135037	-8.69567429259218	8.76690906571336e-15	1.94513202623435e-12	23.1395920516722
TRBC2	-1.32479898131928	6.85534317540146	-8.69240159892565	8.93201351375191e-15	1.94513202623435e-12	23.1214226846439
PABPC3	-1.01668913762598	7.27789492083212	-8.58913839713941	1.60763925980603e-14	3.2950300358338e-12	22.5491260342978
RPS6	-1.16170554784252	12.5886470355474	-8.52629412060267	2.29669974668057e-14	4.36498226400945e-12	22.201810487705
FCRL3	-1.20342300736089	6.46599193323358	-8.50351679362051	2.61319332262113e-14	4.79222978971206e-12	22.0761165469549
RPL23	-1.36274049851968	11.6458418568613	-8.49831592923561	2.69133401344407e-14	4.85043352457428e-12	22.0474303725094
PAFAH2	-1.03592842729133	7.11222950237956	-8.45542352757304	3.43092954527633e-14	5.87926336668417e-12	21.8110536836053
TRMT10C	-1.10431746158661	6.66082961689781	-8.44152740965187	3.71141580992657e-14	6.25732733244556e-12	21.7345516313947
RPS29P9	-1.25221598133701	6.88048249743796	-8.37889673562812	5.28625695833519e-14	8.6339443727309e-12	21.3902364692914
PYHIN1	-1.65971673865407	7.28833336341363	-8.30406306211899	8.05807273233518e-14	1.1698754759875e-11	20.9798973157359
ZNF91	-1.46773805856929	8.40368746918978	-8.27025300504928	9.74500831628413e-14	1.39540509493312e-11	20.7948937542224
GOLGA8CP	-1.0859126733252	6.56843171035766	-8.22031510473574	1.28978607262721e-13	1.71882180669092e-11	20.5220936590641
NACAP1	-1.51095285273622	7.79556562916058	-8.21904246429777	1.29902346435074e-13	1.71882180669092e-11	20.5151486327031
DNAJC30	-1.09113838739764	6.33888574786861	-8.17890762072636	1.62659817258814e-13	2.12535383725798e-11	20.2963099098951
PABPC1	-1.26860799591338	11.1993747788759	-8.0965523149125	2.57748518484404e-13	3.13016845202596e-11	19.8483982118939
PLCH2	-1.08828713495433	6.47547508679562	-8.07227876997017	2.95115948178509e-13	3.50550796171586e-11	19.7166777133748
SPON2	-1.23482741675039	5.22567589223358	-7.95688019731559	5.60663407838e-13	6.21570463343693e-11	19.0923768083409
PDZD4	-1.00521700574095	6.24251126162774	-7.95085281301391	5.79724734066765e-13	6.21570463343693e-11	19.0598573403218
RPL15P3	-1.10857465538976	11.7967560616679	-7.8792434199846	8.61849766195348e-13	8.57991962479997e-11	18.6741926093676
PJA1	-1.0138800536937	5.88896142494161	-7.84458857986907	1.04369672873284e-12	1.010163139393e-10	18.4880156486374
RPL4P5	-1.34843116211023	10.7608151901606	-7.83552996833085	1.09720043787002e-12	1.04263965245957e-10	18.4394003518185
KLHL3	-1.47570370388346	6.00480962954015	-7.81926760214585	1.20016529233906e-12	1.12011855364466e-10	18.3521772033893
RPL7A	-1.1390773318189	11.1954381949708	-7.81147617682529	1.25283670648311e-12	1.15892938874937e-10	18.3104120925932
NELL2	-1.50394032611811	7.5737092090219	-7.75025407537317	1.75481683986864e-12	1.58130176096094e-10	17.9827883283363
PDGFRB	-1.22111675574252	5.50866987506569	-7.69164497860812	2.4206281860628e-12	2.00816082769162e-10	17.6700780187583
CD40LG	-1.31442176717244	6.17873022721168	-7.65647872924133	2.93466614457385e-12	2.37798955110314e-10	17.4828927853076
PRKCQ-AS1	-1.09236976450552	7.16638422590146	-7.63779539539793	3.25036420695136e-12	2.59359214162309e-10	17.3835815874261
SORBS3	-1.08577328610394	5.7976251300292	-7.61764387182897	3.62866166789961e-12	2.83062689660855e-10	17.2765742903603
TBC1D31	-1.1053101527874	6.85883996740876	-7.6099153806608	3.78504920671739e-12	2.90919995278065e-10	17.2355648830953
RPL37P6	-1.02935315860551	7.34996500814599	-7.57998606681527	4.45625649704594e-12	3.35116900457707e-10	17.0769096564811
PGAP3	-1.02700715954252	7.12010474440146	-7.57369893462277	4.61158272710629e-12	3.44320530331729e-10	17.0436135864295
GZMM	-1.24646721689449	7.18436731143796	-7.57128160567123	4.67272112289367e-12	3.45145893984453e-10	17.0308146071842
TSEN54	-1.10182311928189	6.09227168432117	-7.5706559765584	4.68867472934012e-12	3.45145893984453e-10	17.0275023713822
ARL4C	-1.38499869025354	6.26864750825547	-7.53687376803746	5.63519659033622e-12	4.062393790261e-10	16.8488160046664
FAM230C	-1.00382224239213	8.60235807253285	-7.51695175675942	6.27969584845793e-12	4.43524734486018e-10	16.7435941325743
TRMT11	-1.23312950042677	6.31622918875912	-7.47244351784441	7.99526266127261e-12	5.42691432456381e-10	16.5089299720568
RPL23AP97	-1.22965534211024	11.4499512992774	-7.44929751729176	9.06326827387527e-12	6.07297072223194e-10	16.387124242031
EEF1A1P27	-1.53365813747244	11.8380364429781	-7.39939542861634	1.18700729447789e-11	7.56572393242524e-10	16.1250543574085
IL2RB	-2.10058621367244	8.48438342637956	-7.25475126959925	2.58384045271047e-11	1.51735304787542e-09	15.3697005120784
GIMAP7	-1.57023900774842	8.87128198286861	-7.23050589677553	2.94185078025709e-11	1.68039159595778e-09	15.2437245438491
HLA-DQA1	-2.44650873715354	8.38348256843066	-7.22145331340729	3.08774817628735e-11	1.75414302645281e-09	15.1967362704086
RPL13P12	-1.16617598732441	6.91338533111679	-7.21232336185592	3.24213862784629e-11	1.83189595010147e-09	15.1493728771567
FCER1A	-3.29029849911024	8.00483334354744	-7.19666745617387	3.52485400517143e-11	1.95985632532218e-09	15.0682169307235
UCKL1	-1.01528738688347	8.36407710910219	-7.19052363992769	3.64234377158084e-11	2.01446663726638e-09	15.0363905688123
RPL13A	-1.18847784147244	11.5020395189343	-7.16718436571931	4.12504323546392e-11	2.19995290511757e-09	14.9155988763662
DCTD	-1.12948426148267	7.01975985859489	-7.16175586666842	4.24608597072103e-11	2.24163316423974e-09	14.887529144583
HLA-DPA1	-2.38130888959054	10.1617639205328	-7.15162359478746	4.48148202473532e-11	2.34224658022791e-09	14.8351627508575
ADGRG1	-2.460050512337	8.29113016839051	-7.11373533104238	5.4817599095801e-11	2.79516274804101e-09	14.6396433942528
CTSO	-1.30295168583307	6.8878632770365	-7.09431814909876	6.07692951820615e-11	3.02486401208614e-09	14.5396259855446
FAM102A	-1.24559397802204	6.05783599484672	-7.05922033490246	7.31920509657584e-11	3.5256981969819e-09	14.3591565735717
CARD11	-1.07674862248031	7.72090213648175	-7.01484898463936	9.2541574290445e-11	4.2992758935912e-09	14.1315968589748
HLA-DOA	-1.19032320216614	6.67185488540146	-6.98022057830545	1.11082162674235e-10	4.96214464287938e-09	13.9544700011913
CRIP2	-1.33103606853937	5.73762881837226	-6.9420249056352	1.35806148965251e-10	5.81795768497447e-09	13.7595759258693
MAN1C1	-1.17571551925591	5.89885589428467	-6.94018493076893	1.37125518695797e-10	5.85050223235578e-09	13.7502002240362
RPL12	-1.12171827735433	12.2545472911679	-6.91615413589985	1.55564701762481e-10	6.5305936848322e-09	13.6278586371883
EID2	-1.14995154663228	6.33412638336496	-6.90107743798153	1.68361925320955e-10	6.90151845247035e-09	13.551206251163
GNLY	-2.23406259725117	8.6031469780219	-6.87640263514366	1.91584566775353e-10	7.70243644808757e-09	13.4259290126242
FNBP4	-1.05044754277007	9.20554151575183	-6.86390805923237	2.04522693288983e-10	8.159830965457e-09	13.3625749787308
RPL12P38	-1.03424026345669	10.2991455165766	-6.85274139625514	2.16813484492021e-10	8.61730552621711e-09	13.3060013745546
RPSAP39	-1.53297452696063	11.5907109629124	-6.84304600752777	2.28074364034884e-10	8.92906864141067e-09	13.2569179489051
PLEKHF1	-1.2135376962748	7.27419963731387	-6.82712824042574	2.47827087653881e-10	9.59457980461489e-09	13.1764067833659
ABI3	-1.36601718200393	7.31919756085401	-6.76372181302541	3.44709786977889e-10	1.2247400769113e-08	12.8566142369993
KLRD1	-1.98395944945315	7.79979819905109	-6.76320239331731	3.45640794689403e-10	1.2247400769113e-08	12.8540006056562
NSMF	-1.35706193225984	7.08979730323358	-6.74402725883341	3.81802599713079e-10	1.33925589758417e-08	12.7575843357737
GPR68	-1.53089196025748	5.42415241754744	-6.73616476921256	3.9768714534768e-10	1.3856745767731e-08	12.7180895873718
CLIC3	-1.92510060708898	6.76280394329927	-6.70540179990141	4.66350401931634e-10	1.58871727660892e-08	12.5637827727979
FGFBP2	-2.60383230989528	7.92793498375182	-6.7052986477829	4.6659925755184e-10	1.58871727660892e-08	12.5632659578672
MS4A2	-1.12872010459606	6.17199673530657	-6.70155509405756	4.75719804558825e-10	1.60928774014673e-08	12.5445126273747
LY9	-1.05150306184409	6.42208246156569	-6.695764498018	4.90175116470029e-10	1.64224374758372e-08	12.5155150073683
S1PR5	-2.20254822961339	7.05481177285401	-6.68813905483858	5.09873536614954e-10	1.70278213362176e-08	12.4773482517861
DNAAF2	-1.01097640529213	6.10650932420438	-6.63257867119227	6.7898205677899e-10	2.18381521215716e-08	12.1999231886648
PPP3CC	-1.27698227287795	7.59666778950365	-6.59654610109821	8.17085191859415e-10	2.5419617590793e-08	12.0206360106615
ACKR3	-1.16278029910236	6.03944839428467	-6.5848245469301	8.67719393505188e-10	2.67559611218576e-08	11.9624212567433
CD247	-1.96071922187401	10.1761737715036	-6.5707950354945	9.32401941267229e-10	2.82890581596276e-08	11.8928143294082
TGFBR3	-1.74329311959842	7.95340201836496	-6.56174257512171	9.76636752406543e-10	2.94201267230709e-08	11.8479416211877
MRPS35	-1.15573609257008	7.11261943035766	-6.55508106664398	1.01050301236129e-09	3.01793942520358e-08	11.8149412488777
UBASH3A	-1.64221706598111	6.34881425164964	-6.54917595124421	1.04148984997108e-09	3.08404912230812e-08	11.7857025101973
MOCS2	-1.2066620541315	5.78199850116788	-6.4678107196782	1.57691121555744e-09	4.40734035727858e-08	11.3842332427652
HLA-DRA	-1.68273496154724	11.9528513319088	-6.44080162964198	1.80868443524541e-09	4.94010040403109e-08	11.2515513994625
CCDC102A	-1.17396191518503	6.17002693105839	-6.44077176579901	1.808958414448e-09	4.94010040403109e-08	11.2514048568437
HOPX	-1.07931134134645	7.17336352488686	-6.40234538123694	2.19758318641157e-09	5.88207349923529e-08	11.063146090654
FCMR	-1.6751491847874	9.06232702333577	-6.38146448900595	2.4421115011705e-09	6.39784248665043e-08	10.9610995082888
ENOSF1	-1.13728826258189	6.60714258591241	-6.38064391346762	2.45224913567969e-09	6.40834005381494e-08	10.957092951979
APEX1	-1.12748384720512	8.88951982848175	-6.37993507468751	2.46103968138117e-09	6.41498766704929e-08	10.9536321868822
CD74	-1.46852256735669	9.95559516048418	-6.37329676413012	2.54488364325349e-09	6.58457146607147e-08	10.9212320065326
FYN	-1.075467288275	7.83483051916788	-6.37124858434306	2.57131584370008e-09	6.62018830398941e-08	10.9112389491602
PRF1	-1.8302939464252	9.21650161585401	-6.35535077561763	2.78587906066808e-09	6.98340379404398e-08	10.8337326520906
FAM84B	-1.08751419618346	5.9988006959781	-6.32733741491151	3.20765652827109e-09	7.88932557412181e-08	10.6974151879376
HNRNPA1P58	-1.40147531695276	10.558789747438	-6.32159661716307	3.30155022416647e-09	8.08222587663048e-08	10.6695199986825
HLA-DPB1	-1.45131613053228	6.32689291524817	-6.31521428302151	3.40911303700123e-09	8.28441610842102e-08	10.6385237207451
SH3YL1	-1.0075277255811	6.37912491756934	-6.26743510636112	4.3315809548245e-09	1.00841905836928e-07	10.4070257614858
ACP1	-1.28722799500158	7.93648951840876	-6.25686285161887	4.56672847047216e-09	1.05377511483103e-07	10.3559321856697
SLAMF6	-1.1509718334622	8.19315620972628	-6.24041202099131	4.95781306766031e-09	1.1364916665845e-07	10.2765234955004
C6orf48	-1.08830571737007	10.5830347741606	-6.2278895600578	5.27741424690591e-09	1.19146460308655e-07	10.2161548699753
RUNX3	-1.51814813173228	9.53521556151095	-6.22338530726502	5.39725769322391e-09	1.202932508897e-07	10.1944571176438
CD2	-1.70560851911024	9.28245026208759	-6.21239398579378	5.70104728295757e-09	1.25459046839485e-07	10.1415467295824
RSAD1	-1.04420509747244	6.11198064470803	-6.19141323661479	6.32833077679616e-09	1.36391838370825e-07	10.0406938402175
OLFM1	-1.55319480762441	5.3409184730438	-6.15331393942779	7.64553714421824e-09	1.59837599537026e-07	9.85804281324866
RPL22	-1.33840938182677	9.55833248163504	-6.09357273204651	1.0271549633424e-08	2.0529351494872e-07	9.57292338997473
BIN1	-1.15135899682441	8.6715032144635	-6.08604735293943	1.06596117803899e-08	2.12237946553174e-07	9.53712025403643
HNRNPA1P12	-1.48732731196063	10.3712016579088	-6.07781037174496	1.11008852027639e-08	2.19352652220211e-07	9.49796056084757
CACNA2D3	-1.95840408891575	5.77251444755474	-6.04154894396015	1.32665379129843e-08	2.54449762943899e-07	9.32593100563002
BCL11B	-1.87439163788425	8.07027896789051	-6.02051273445486	1.47077298596748e-08	2.77508845168195e-07	9.22640414024368
RPL18AP16	-1.15291675120472	10.9011830701825	-6.01837594911114	1.48624485087556e-08	2.79419378169105e-07	9.21630577863114
CYP4F22	-1.11733493199842	5.15346911170803	-6.01453045861184	1.51449251664676e-08	2.83201972746129e-07	9.19813737624836
MXD4	-1.01771359929764	9.22080957128467	-5.9915346727616	1.69474699057174e-08	3.11887153036028e-07	9.08963220840298
SPOCK2	-1.59556386766141	9.93135446422628	-5.95995486295271	1.97700638028398e-08	3.54652189854549e-07	8.94101839440317
CCL4L2	-1.18523076877008	6.84165546543066	-5.95975636024612	1.97891892004128e-08	3.54652189854549e-07	8.94008569777331
RPS28	-1.18320647340946	11.6274141816058	-5.932235569549	2.2624246518084e-08	3.95470315808582e-07	8.81095140245085
CD5	-1.47599609822834	6.38455870924818	-5.93106924093522	2.27528136373253e-08	3.97053691070053e-07	8.8054864645552
ZNHIT6	-1.05190655706772	6.80301024424818	-5.92616482795645	2.33013274163112e-08	4.05272504962897e-07	8.78251332220039
LYRM2	-1.03122144962204	8.1633856330365	-5.91579697358723	2.45039217278089e-08	4.19900809542273e-07	8.73398533975875
HNRNPA1P4	-1.02016219386457	9.11110778624817	-5.91175252584867	2.49893762197642e-08	4.26820179126136e-07	8.7150684214633
ADGRG5	-1.1357381397874	7.03404215635766	-5.90482078495278	2.58434223364618e-08	4.39969533685724e-07	8.68266468157656
GATA2	-1.19272222568032	5.7040873479927	-5.90024407627443	2.64229329896699e-08	4.476481661929e-07	8.66128231796252
SERPINA10	-1.02283527117953	6.42388994306569	-5.87227974304114	3.02509162231021e-08	5.02723095834795e-07	8.53084682750842
CYP2S1	-1.24583414010394	5.4687286470438	-5.86887097863273	3.07532040338778e-08	5.07840824275079e-07	8.51497234895197
TARBP1	-1.1396250605252	6.16985201456204	-5.86221127863333	3.17582300753679e-08	5.20327239777149e-07	8.48397424455934
LPIN1	-1.31667966285985	8.24928722932847	-5.86010969731397	3.20820163236495e-08	5.24809572192658e-07	8.47419662376225
AGPAT5	-1.05553035587717	5.71159244070073	-5.84606657787259	3.43302217552495e-08	5.52933448393873e-07	8.40891467180182
SLAMF1	-1.07367974067244	6.56778745551825	-5.80176251175643	4.24834323090091e-08	6.57895285816404e-07	8.20357531509438
ZNF683	-1.38314095135748	6.61089312237226	-5.67822356058507	7.65909052779464e-08	1.10276134004184e-06	7.63601744760819
HOXB2	-1.03768153389134	6.60241953036496	-5.67578241613801	7.74824773724874e-08	1.11253342853655e-06	7.62487791022357
ESYT1	-1.08672431985827	9.63417575419708	-5.66436090882025	8.17906973370598e-08	1.16479313251265e-06	7.57279808547521
CRTAP	-1.39162200439448	7.83663238240146	-5.6489318693383	8.79846917736188e-08	1.24621135922715e-06	7.5025477738908
CNTNAP2	-1.50723106612047	5.11009272391971	-5.63478754729245	9.40647760011471e-08	1.3222805733723e-06	7.43825135741371
SLC45A3	-1.22848618409606	6.49188034889051	-5.57857972628101	1.22556039604527e-07	1.66158013227771e-06	7.18373921770294
MYC	-1.0775147620374	8.36576329177007	-5.56963584038057	1.27807888771609e-07	1.72143436733662e-06	7.14338822531369
DOCK10	-1.14970095330709	9.13594843430657	-5.52734578126629	1.55773117838184e-07	2.03809718573716e-06	6.95314644797095
CD4	-1.46735706987244	6.7657775839927	-5.49255055838535	1.83193853856066e-07	2.34384988293447e-06	6.79730935202203
FASLG	-1.08152723447953	5.4565366689781	-5.47901476282104	1.95089618675574e-07	2.48086591729413e-06	6.73685599326431
CTSW	-1.43018793992363	7.51665943226277	-5.45319549468286	2.19908884121103e-07	2.75294319247652e-06	6.6218068926215
PEBP1	-1.05860753192677	8.71941205094161	-5.43928780186441	2.34529493961082e-07	2.89056925029941e-06	6.5599794831727
MAP4K1	-1.20311100489134	8.72545374023358	-5.42350220689714	2.52275819705998e-07	3.06632458533348e-06	6.48992681947796
LGALS2	-2.09498594482598	7.3686372619781	-5.42040768146286	2.55905285393115e-07	3.092460055739e-06	6.47620944048216
CXCR3	-1.15576852412914	6.02765003606569	-5.39575626175512	2.8669701646064e-07	3.39393421637947e-06	6.3671155407748
ALDH1A1	-1.54028870286693	7.05548579175912	-5.31786782881713	4.09681638322335e-07	4.65478496237322e-06	6.02455004841954
RPL13	-1.0367452758378	9.1103272970146	-5.30934869269624	4.25912387248665e-07	4.82346932167962e-06	5.98727925809893
AXIN2	-1.02237687906535	6.78978816940146	-5.28780285524374	4.69810918679892e-07	5.25233532936996e-06	5.8931927226181
PTGDR2	-1.95602828476141	5.47107923954745	-5.27359747164138	5.01134516573312e-07	5.58460458607764e-06	5.8312985302329
CX3CR1	-1.62322491815236	9.12939349406569	-5.26965148563278	5.10190956863165e-07	5.65538289723294e-06	5.81412501795584
KLF4	-1.00455483480551	7.47713344901825	-5.26388289853923	5.2371813442587e-07	5.79304302555939e-06	5.78903457732544
GZMA	-1.95107520122046	9.9028005850438	-5.26251560520138	5.26975287267073e-07	5.82290980740245e-06	5.78309020787872
P2RX7	-1.10721304591811	7.59162331838686	-5.25092397045566	5.55393545396342e-07	6.08545988472533e-06	5.73273615762416
IL32	-1.6214363247	9.12818121140146	-5.21705719257314	6.47247193205268e-07	6.93204396575273e-06	5.58604166927058
RASGRP1	-1.14172122951102	7.56120864421168	-5.21424226744955	6.55515775568441e-07	7.00053237428592e-06	5.57387723385714
LAX1	-1.14193097443386	7.43550388273723	-5.20159763959019	6.93944869217319e-07	7.35680093096211e-06	5.51928873229118
GOLGA8B	-1.00505619014488	9.33171059075912	-5.20079907435399	6.96444148868797e-07	7.36665768214076e-06	5.5158441956111
CECR1	-1.05813015707519	8.0359566059635	-5.1606928055221	8.33895250598018e-07	8.59635804191428e-06	5.3433057216394
PEA15	-1.15485889504882	8.90263968026277	-5.15949275873107	8.38390598754403e-07	8.6256859535234e-06	5.3381569079981
DUSP6	-1.08885559343621	9.02361673223358	-5.14087825109278	9.11216009005789e-07	9.28356816972467e-06	5.25839450262522
CD96	-1.21287950482756	7.85794455118978	-5.11500157167969	1.02276374665689e-06	1.02698841919351e-05	5.14783763844086
KLRG1	-1.62643806124173	8.09061927051825	-5.08116676165548	1.18882284121738e-06	1.17344335781353e-05	5.00385127950986
CD6	-1.52120066863858	8.63900386881752	-5.04104491346809	1.41987675586364e-06	1.36666406344775e-05	4.83395511341628
PRSS33	-2.01773732497795	5.71595147033577	-5.03478614028116	1.4596495963887e-06	1.39979057165607e-05	4.80753546658762
CCR3	-2.22661494905906	7.94020295505839	-4.98457349375326	1.82040082422186e-06	1.68241464519407e-05	4.59639493250289
LEF1	-1.45689845085196	8.63653908736496	-4.96838581005555	1.95416194197355e-06	1.7747050199348e-05	4.52863859189795
EEF1A1P12	-1.05020620059842	13.4132174803066	-4.96414945227003	1.99071399474672e-06	1.80476438743169e-05	4.51093180333177
SKAP1	-1.44298853323307	8.34382833872993	-4.94409927132213	2.17291019278752e-06	1.93885744981925e-05	4.42726999475394
MAL	-1.48263420935787	8.58673925962774	-4.93889485741578	2.22278801068818e-06	1.97239414904275e-05	4.40559244487521
KLRF1	-1.15736466479054	7.6016539485219	-4.87872006539338	2.88655484613976e-06	2.46110585699013e-05	4.15611025365356
CD3D	-1.54075574466535	9.89022755880292	-4.86454491843998	3.06890392616694e-06	2.59540879775267e-05	4.09765298506664
MCOLN2	-1.31095692415276	7.06089965548175	-4.85303402565506	3.22515201961315e-06	2.71000916889198e-05	4.05027104651185
CD7	-1.10286417888504	8.74028912127007	-4.84733934283865	3.3052758272004e-06	2.76621683120302e-05	4.02685946883646
PIK3IP1	-1.10098736597243	9.09464405883942	-4.78797672070303	4.26407969803226e-06	3.42075403557415e-05	3.7839719794717
IRF8	-1.05089012412598	9.78496849120438	-4.78311306978075	4.35360930381453e-06	3.48188814481816e-05	3.76416618938236
HDC	-1.75635158401574	6.91575478453285	-4.75390836794742	4.9307383410274e-06	3.85209326448127e-05	3.6455408210039
AKR1C3	-1.19574230803464	7.65929004660584	-4.66991586472115	7.03388721891668e-06	5.21825572032194e-05	3.30728626118181
PRR5L	-1.1526207132504	7.10097811892701	-4.64962390719359	7.65948911597897e-06	5.61069654725496e-05	3.22622028424861
ZFP36L2	-1.19941726685826	9.60438744875182	-4.63362950562524	8.19016716780012e-06	5.95850483724158e-05	3.16250371506707
EOMES	-1.63537743371575	8.11575143758394	-4.62727544638649	8.41070119653278e-06	6.08422557836382e-05	3.13723553113149
CD8A	-1.54341698295538	7.9743973043163	-4.57523516224504	1.04459682932932e-05	7.23603091913809e-05	2.9312407560702
IL7R	-1.52498458191732	10.1095036212883	-4.51583047209169	1.33512757065887e-05	8.91762843201097e-05	2.69818896306835
NAAA	-1.04941653261496	8.17168022059124	-4.48487126838806	1.51599435783828e-05	9.92900314691951e-05	2.57762537806637
HLA-DRB6	-1.92935010236299	7.94006580656204	-4.40185462516454	2.12517037162509e-05	0.000133100095234254	2.25739044077679
RARRES3	-1.14292001108661	9.69159064924088	-4.25847199592656	3.77044593858511e-05	0.000217868830271034	1.71494630735784
HLA-DMB	-1.4939380895433	10.4127034073358	-4.1996265619867	4.75287680943466e-05	0.000264139610352674	1.49629699395469
FCER2	-1.17323821256378	5.8172207689708	-4.19600528005838	4.8207415988468e-05	0.000267044048398228	1.4829180599089
PMP22	-1.0666007032126	5.28407407171533	-4.03343009173217	9.03147179522113e-05	0.000457836928590914	0.891540249897911
OAF	-1.03914395345985	7.40721418335036	-4.00949371225077	9.89166281867536e-05	0.000495436279078167	0.80601751888988
CSF1R	-1.45430746325984	10.0628709541752	-3.98228767308331	0.000109642310503815	0.000542913818899278	0.70930082992161
CPVL	-1.49432714980709	10.2130228891314	-3.94425819973111	0.000126507787066455	0.000615063208467748	0.574982186464114
CD79A	-1.00267095632401	7.63012711667153	-3.848941255707	0.00018031075764319	0.000835770869315177	0.242850340599294
TLR7	-1.05223925093544	7.16893778820438	-3.84112606992838	0.000185576487788199	0.000857573398253776	0.215907479706322
CCR7	-1.2883830349937	9.16542693490511	-3.7296567650705	0.00027852991460646	0.0012121037457874	-0.163556309062078
RPS4Y2	-1.04292886444724	6.82229662743796	-3.59012745650085	0.000457497730570742	0.00186223667354204	-0.625650466811424
CXCL8	-1.49313542054094	8.75432367445985	-3.55110357609421	0.000524339006869149	0.00209755669299779	-0.752285711766483
GPR162	-1.41375254687716	8.44894419188321	-3.52731514215105	0.000569489867873502	0.00224552153484788	-0.828916527768364
RPS6KA5	-1.03192475854725	8.9811061830292	-3.51145462125167	0.000601600286165516	0.00234997301617643	-0.879770323849871
CD86	-1.00209660974331	8.41644101189416	-3.33746890033755	0.00108525090976655	0.0039050353734216	-1.42496354512806
KLRB1	-1.06406827537008	9.74573775881022	-3.31185944750566	0.00118153922785972	0.00419376215579546	-1.50323217923238
TGFBI	-1.29641857285039	10.1062234660584	-3.13888817085065	0.00207191480935812	0.00675958973227854	-2.0183305264578
CLC	-1.28942417977165	11.0716068894963	-2.83652434357167	0.00524378736696286	0.0147070859530085	-2.86077708649828
HLA-DRB5	-1.60485591747244	6.38170657922628	-2.34892598111985	0.0202379123996271	0.0449717045734061	-4.05753931162573
